{
 "cells": [
  {
   "cell_type": "markdown",
   "id": "d8e81f8b",
   "metadata": {},
   "source": [
    "# Load Packages"
   ]
  },
  {
   "cell_type": "code",
   "execution_count": 59,
   "id": "e7a68820",
   "metadata": {},
   "outputs": [],
   "source": [
    "import numpy as np\n",
    "from pathlib import Path\n",
    "import pandas as pd\n",
    "import torch\n",
    "import os\n",
    "import pickle\n",
    "import glob\n",
    "import matplotlib.pyplot as plt\n",
    "from sklearn.model_selection import KFold\n",
    "from sklearn.linear_model import Ridge\n",
    "from tqdm import tqdm\n",
    "from sklearn.metrics.pairwise import cosine_similarity\n",
    "from scipy import stats\n",
    "import matplotlib.pyplot as plt\n",
    "import seaborn as sns"
   ]
  },
  {
   "cell_type": "code",
   "execution_count": 60,
   "id": "cde155eb",
   "metadata": {},
   "outputs": [],
   "source": [
    "plt.rcParams['font.family'] = 'Times New Roman'"
   ]
  },
  {
   "cell_type": "markdown",
   "id": "e226fd03",
   "metadata": {},
   "source": [
    "# Load training results."
   ]
  },
  {
   "cell_type": "markdown",
   "id": "7a6e8b74",
   "metadata": {},
   "source": [
    "### Load results from CLIP-HBA-Behavior fine-tuning"
   ]
  },
  {
   "cell_type": "code",
   "execution_count": 61,
   "id": "25e71e7b",
   "metadata": {},
   "outputs": [
    {
     "name": "stdout",
     "output_type": "stream",
     "text": [
      "   epoch  train_loss   test_loss  behavioral_rsa_rho  behavioral_rsa_p_value\n",
      "0      1  143.751595  115.315276            0.457751            1.666298e-59\n",
      "1      2   99.242973   91.896147            0.421845            6.852262e-50\n",
      "2      3   88.322808   84.964224            0.429777            6.463552e-52\n",
      "3      4   82.917093   80.390052            0.440350            1.059977e-54\n",
      "4      5   78.495574   76.284173            0.461701            1.236095e-60\n",
      "5      6   74.905132   73.262793            0.509848            1.156426e-75\n",
      "6      7   72.226379   70.678066            0.566353            1.129755e-96\n",
      "7      8   69.511314   67.750846            0.621591           1.482924e-121\n",
      "8      9   66.146474   63.975467            0.656572           4.456361e-140\n",
      "9     10   61.777572   59.086500            0.669874           8.654169e-148\n"
     ]
    }
   ],
   "source": [
    "# specify path to the results\n",
    "cliphba_res_path = Path('/home/wallacelab/teba/marren/temporal_dynamics_of_human_alignment/training_results/training_res_20250916_172925.csv')\n",
    "\n",
    "# read in the csv\n",
    "cliphba_training_res = pd.read_csv(cliphba_res_path)\n",
    "\n",
    "# print the first 20 rows\n",
    "print(cliphba_training_res.head(10))"
   ]
  },
  {
   "cell_type": "markdown",
   "id": "eda96185",
   "metadata": {},
   "source": [
    "# Process fMRI RDMs."
   ]
  },
  {
   "cell_type": "markdown",
   "id": "cc3521da",
   "metadata": {},
   "source": [
    "### Load fMRI RDMs for VA-1, VA-2, VA-3, left LOC, and right LOC."
   ]
  },
  {
   "cell_type": "code",
   "execution_count": 67,
   "id": "7e6c754e",
   "metadata": {},
   "outputs": [
    {
     "name": "stdout",
     "output_type": "stream",
     "text": [
      "02\n",
      "va-1\n",
      "(720, 720)\n",
      "03\n",
      "va-1\n",
      "(720, 720)\n",
      "01\n",
      "va-1\n",
      "(720, 720)\n",
      "01\n",
      "va-2\n",
      "(720, 720)\n",
      "02\n",
      "va-2\n",
      "(720, 720)\n",
      "03\n",
      "va-2\n",
      "(720, 720)\n",
      "03\n",
      "va-3\n",
      "(720, 720)\n",
      "01\n",
      "va-3\n",
      "(720, 720)\n",
      "02\n",
      "va-3\n",
      "(720, 720)\n",
      "02\n",
      "lLOC\n",
      "(720, 720)\n",
      "03\n",
      "lLOC\n",
      "(720, 720)\n",
      "01\n",
      "lLOC\n",
      "(720, 720)\n",
      "01\n",
      "rLOC\n",
      "(720, 720)\n",
      "02\n",
      "rLOC\n",
      "(720, 720)\n",
      "03\n",
      "rLOC\n",
      "(720, 720)\n",
      "02_va-1\n",
      "[[0.         0.5        0.45833333 0.58333333 0.625     ]\n",
      " [0.5        0.         0.625      0.70833333 0.875     ]\n",
      " [0.45833333 0.625      0.         0.58333333 0.375     ]\n",
      " [0.58333333 0.70833333 0.58333333 0.         0.54166667]\n",
      " [0.625      0.875      0.375      0.54166667 0.        ]]\n",
      "03_va-1\n",
      "[[0.         0.625      0.75       0.75       0.41666667]\n",
      " [0.625      0.         0.66666667 0.58333333 0.41666667]\n",
      " [0.75       0.66666667 0.         0.375      0.58333333]\n",
      " [0.75       0.58333333 0.375      0.         0.58333333]\n",
      " [0.41666667 0.41666667 0.58333333 0.58333333 0.        ]]\n",
      "01_va-1\n",
      "[[0.         0.75       0.41666667 0.66666667 0.54166667]\n",
      " [0.75       0.         0.70833333 0.75       0.75      ]\n",
      " [0.41666667 0.70833333 0.         0.5        0.45833333]\n",
      " [0.66666667 0.75       0.5        0.         0.70833333]\n",
      " [0.54166667 0.75       0.45833333 0.70833333 0.        ]]\n",
      "01_va-2\n",
      "[[0.         0.83333333 0.29166667 0.625      0.33333333]\n",
      " [0.83333333 0.         0.625      0.75       0.625     ]\n",
      " [0.29166667 0.625      0.         0.58333333 0.54166667]\n",
      " [0.625      0.75       0.58333333 0.         0.58333333]\n",
      " [0.33333333 0.625      0.54166667 0.58333333 0.        ]]\n",
      "02_va-2\n",
      "[[0.         0.58333333 0.58333333 0.58333333 0.58333333]\n",
      " [0.58333333 0.         0.70833333 0.66666667 0.79166667]\n",
      " [0.58333333 0.70833333 0.         0.5        0.66666667]\n",
      " [0.58333333 0.66666667 0.5        0.         0.625     ]\n",
      " [0.58333333 0.79166667 0.66666667 0.625      0.        ]]\n",
      "03_va-2\n",
      "[[0.         0.41666667 0.75       0.66666667 0.375     ]\n",
      " [0.41666667 0.         0.66666667 0.625      0.5       ]\n",
      " [0.75       0.66666667 0.         0.5        0.54166667]\n",
      " [0.66666667 0.625      0.5        0.         0.70833333]\n",
      " [0.375      0.5        0.54166667 0.70833333 0.        ]]\n",
      "03_va-3\n",
      "[[0.         0.54166667 0.66666667 0.58333333 0.375     ]\n",
      " [0.54166667 0.         0.58333333 0.54166667 0.54166667]\n",
      " [0.66666667 0.58333333 0.         0.5        0.45833333]\n",
      " [0.58333333 0.54166667 0.5        0.         0.45833333]\n",
      " [0.375      0.54166667 0.45833333 0.45833333 0.        ]]\n",
      "01_va-3\n",
      "[[0.         0.625      0.45833333 0.625      0.45833333]\n",
      " [0.625      0.         0.75       0.66666667 0.70833333]\n",
      " [0.45833333 0.75       0.         0.54166667 0.54166667]\n",
      " [0.625      0.66666667 0.54166667 0.         0.54166667]\n",
      " [0.45833333 0.70833333 0.54166667 0.54166667 0.        ]]\n",
      "02_va-3\n",
      "[[0.         0.625      0.45833333 0.79166667 0.66666667]\n",
      " [0.625      0.         0.375      0.79166667 0.70833333]\n",
      " [0.45833333 0.375      0.         0.375      0.5       ]\n",
      " [0.79166667 0.79166667 0.375      0.         0.70833333]\n",
      " [0.66666667 0.70833333 0.5        0.70833333 0.        ]]\n",
      "02_lLOC\n",
      "[[0.         0.5        0.54166667 0.79166667 0.70833333]\n",
      " [0.5        0.         0.625      0.54166667 0.70833333]\n",
      " [0.54166667 0.625      0.         0.625      0.79166667]\n",
      " [0.79166667 0.54166667 0.625      0.         0.66666667]\n",
      " [0.70833333 0.70833333 0.79166667 0.66666667 0.        ]]\n",
      "03_lLOC\n",
      "[[0.         0.66666667 0.54166667 0.45833333 0.58333333]\n",
      " [0.66666667 0.         0.58333333 0.79166667 0.625     ]\n",
      " [0.54166667 0.58333333 0.         0.54166667 0.625     ]\n",
      " [0.45833333 0.79166667 0.54166667 0.         0.66666667]\n",
      " [0.58333333 0.625      0.625      0.66666667 0.        ]]\n",
      "01_lLOC\n",
      "[[0.         0.75       0.58333333 0.625      0.54166667]\n",
      " [0.75       0.         0.875      0.83333333 0.58333333]\n",
      " [0.58333333 0.875      0.         0.33333333 0.58333333]\n",
      " [0.625      0.83333333 0.33333333 0.         0.58333333]\n",
      " [0.54166667 0.58333333 0.58333333 0.58333333 0.        ]]\n",
      "01_rLOC\n",
      "[[0.         0.625      0.45833333 0.75       0.625     ]\n",
      " [0.625      0.         0.75       0.75       0.70833333]\n",
      " [0.45833333 0.75       0.         0.54166667 0.75      ]\n",
      " [0.75       0.75       0.54166667 0.         0.75      ]\n",
      " [0.625      0.70833333 0.75       0.75       0.        ]]\n",
      "02_rLOC\n",
      "[[0.         0.70833333 0.45833333 0.70833333 0.70833333]\n",
      " [0.70833333 0.         0.625      0.625      0.75      ]\n",
      " [0.45833333 0.625      0.         0.41666667 0.75      ]\n",
      " [0.70833333 0.625      0.41666667 0.         0.70833333]\n",
      " [0.70833333 0.75       0.75       0.70833333 0.        ]]\n",
      "03_rLOC\n",
      "[[0.         0.70833333 0.625      0.625      0.375     ]\n",
      " [0.70833333 0.         0.79166667 0.79166667 0.5       ]\n",
      " [0.625      0.79166667 0.         0.66666667 0.75      ]\n",
      " [0.625      0.79166667 0.66666667 0.         0.70833333]\n",
      " [0.375      0.5        0.75       0.70833333 0.        ]]\n"
     ]
    }
   ],
   "source": [
    "# Load all the files from the fmri_path directory that contain the word 'va-1', or 'va-2', or 'va-3'\n",
    "fmri_path = Path('../../THINGS_fMRI/all_rdm')\n",
    "fmri_files = list(fmri_path.glob(\"*va-1_*\")) + list(fmri_path.glob(\"*va-2_*\")) + list(fmri_path.glob(\"*va-3_*\")) + list(fmri_path.glob(\"*lLOC*\")) + list(fmri_path.glob(\"*rLOC*\"))\n",
    "\n",
    "# create a dictionary to store the fMRI RDMs\n",
    "fmri_rdms = {}\n",
    "\n",
    "for file in fmri_files:\n",
    "    # extract the subject number from the file name\n",
    "    subject_number = file.stem.split('_')[0].split('-')[1]\n",
    "    print(subject_number)\n",
    "    # extract the roi from the file name\n",
    "    # This pattern is looking for the ROI name as the second element after splitting the filename (without extension) by underscores.\n",
    "    if 'va' in file.stem:\n",
    "        roi = file.stem.split('_')[2]\n",
    "    else:\n",
    "        roi = file.stem.split('_')[1]\n",
    "    print(roi)\n",
    "    fmri_rdm = np.load(file)\n",
    "    print(fmri_rdm.shape)\n",
    "    # store the fMRI RDM in the dictionary\n",
    "    fmri_rdms[subject_number + '_' + roi] = fmri_rdm\n",
    "\n",
    "# # print the first 5x5 of every fMRI RDM in the dictionary\n",
    "for key in fmri_rdms:\n",
    "    print(key)\n",
    "    print(fmri_rdms[key][:5, :5])"
   ]
  },
  {
   "cell_type": "markdown",
   "id": "6de2929f",
   "metadata": {},
   "source": [
    "### Get the variable names for our five ROIs."
   ]
  },
  {
   "cell_type": "code",
   "execution_count": 68,
   "id": "454dd445",
   "metadata": {},
   "outputs": [
    {
     "name": "stdout",
     "output_type": "stream",
     "text": [
      "['va-2', 'rLOC', 'va-3', 'va-1', 'lLOC']\n",
      "va-2_rdms\n",
      "rLOC_rdms\n",
      "va-3_rdms\n",
      "va-1_rdms\n",
      "lLOC_rdms\n"
     ]
    }
   ],
   "source": [
    "fmri_rdms_rois = list(set([key.split('_')[1] for key in fmri_rdms.keys()]))\n",
    "\n",
    "print(fmri_rdms_rois)\n",
    "\n",
    "for roi in fmri_rdms_rois:\n",
    "    # Create a dictionary of RDMs for the current ROI, using the ROI name in the variable name\n",
    "    roi_rdms_varname = f\"{roi}_rdms\"\n",
    "    locals()[roi_rdms_varname] = {k: v for k, v in fmri_rdms.items() if roi in k}\n",
    "\n",
    "    print(roi_rdms_varname)"
   ]
  },
  {
   "cell_type": "markdown",
   "id": "e80e1d8b",
   "metadata": {},
   "source": [
    "### Load the concept index for the fMRI RDMs."
   ]
  },
  {
   "cell_type": "code",
   "execution_count": 69,
   "id": "81484c1b",
   "metadata": {},
   "outputs": [
    {
     "name": "stdout",
     "output_type": "stream",
     "text": [
      "['acorn' 'airbag' 'aircraft_carrier' 'airplane' 'alligator' 'aloe' 'altar'\n",
      " 'aluminum_foil' 'anchor' 'anklet' 'ant' 'anteater' 'antelope' 'antenna'\n",
      " 'anvil' 'apple' 'applesauce' 'artichoke' 'ashtray' 'asparagus' 'avocado'\n",
      " 'axe' 'baby' 'backpack' 'bag' 'bagel' 'ball' 'balloon' 'bamboo' 'banana'\n",
      " 'banana_split' 'bandage' 'banner' 'barnacle' 'barrel' 'basket' 'bassinet'\n",
      " 'battery' 'beachball' 'beaker' 'bean' 'bear' 'beaver' 'bed' 'bee' 'beer'\n",
      " 'beet' 'beetle' 'bell' 'bench' 'bib' 'bike' 'binoculars' 'bird'\n",
      " 'birdcage' 'birdhouse' 'bison' 'blackberry' 'blanket' 'blazer' 'blender'\n",
      " 'blimp' 'blind' 'blowtorch' 'blueberry' 'boa' 'boar' 'boat' 'bobsled'\n",
      " 'bolt' 'book' 'boot' 'bottle' 'bow2' 'bowl' 'boxer_shorts'\n",
      " 'boxing_gloves' 'boy' 'brace' 'bracelet2' 'bracket' 'bread' 'breadbox'\n",
      " 'breadstick' 'broccoli' 'broom' 'brownie' 'brush' 'bubble' 'bucket'\n",
      " 'buggy' 'bulldozer' 'bullet' 'bumper' 'bungee' 'bunkbed' 'burner'\n",
      " 'burrito' 'bus' 'butterfly' 'cabbage' 'cactus' 'cage' 'cake' 'calculator'\n",
      " 'camcorder' 'camel' 'camera1' 'camera2' 'candelabra' 'candle' 'candy'\n",
      " 'candy_bar' 'cane' 'cannon' 'canoe' 'canvas' 'car' 'cardigan' 'carousel'\n",
      " 'carrot' 'cashew' 'cassette' 'cat' 'caterpillar' 'cauliflower' 'celery'\n",
      " 'cellphone' 'chair' 'chalice' 'chalk' 'chalkboard' 'chandelier' 'cheese'\n",
      " 'cheetah' 'cherry' 'chess_piece' 'chest1' 'chest2' 'chicken_wire' 'chili'\n",
      " 'chin' 'chinchilla' 'chip' 'chipmunk' 'chocolate' 'christmas_tree'\n",
      " 'cinnamon' 'clarinet' 'clay' 'clipboard' 'clock' 'closet' 'coat'\n",
      " 'coat_rack' 'cockroach' 'coconut' 'coffee_pot' 'coffin' 'coin' 'coleslaw'\n",
      " 'comb' 'compass' 'computer' 'computer_screen' 'confetti' 'contact_lens'\n",
      " 'cookie' 'copier' 'cork' 'corkscrew' 'corn' 'cotton_candy' 'couch'\n",
      " 'coverall' 'cow' 'cranberry' 'crank' 'crate' 'crayfish' 'crayon'\n",
      " 'credit_card' 'crib' 'croissant' 'crouton' 'crowbar' 'crown' 'crutch'\n",
      " 'crystal1' 'cucumber' 'cufflink' 'cup' 'cupcake' 'curtain' 'cymbal'\n",
      " 'dashboard' 'deer' 'defibrillator' 'desk' 'diaper' 'dice' 'dish'\n",
      " 'dishrag' 'dishwasher' 'dog' 'doll' 'dollhouse' 'dolly' 'dolphin'\n",
      " 'donkey' 'donut' 'doormat' 'dough' 'dragonfly' 'drain' 'drawer' 'dress'\n",
      " 'dresser' 'drill' 'drum' 'duster' 'dustpan' 'earring' 'earwig' 'easel'\n",
      " 'egg' 'egg_roll' 'eggbeater' 'eggplant' 'elbow' 'elephant' 'emerald'\n",
      " 'envelope' 'extinguisher' 'eyedropper' 'eyepiece' 'face' 'face_mask'\n",
      " 'fence' 'fern' 'ferret' 'ferris_wheel' 'fig' 'filing_cabinet' 'fire'\n",
      " 'firetruck' 'fireworks' 'fish' 'flag' 'flashbulb' 'flashlight' 'floss'\n",
      " 'flower' 'flyswatter' 'fondue' 'football_helmet' 'footbath' 'footprint'\n",
      " 'footrest' 'forklift' 'frog' 'fudge' 'game' 'garbage' 'gargoyle' 'garlic'\n",
      " 'garter' 'gauze' 'gearshift' 'gel' 'giraffe' 'girl' 'glass' 'go-kart'\n",
      " 'goalpost' 'goat' 'golf_cart' 'gondola' 'graffiti' 'gramophone' 'granite'\n",
      " 'granola' 'grape' 'grapefruit' 'grasshopper' 'grate' 'gravel'\n",
      " 'gravestone' 'grenade' 'grits' 'groundhog' 'guacamole' 'guardrail'\n",
      " 'guillotine' 'guitar' 'gun' 'hairbrush' 'hairpin' 'hamburger' 'hammer'\n",
      " 'hammock' 'hamster' 'hand' 'handcuff' 'hanger' 'hatbox' 'hay' 'headlamp'\n",
      " 'headphones' 'hedge' 'hedgehog' 'helicopter' 'helmet' 'highlighter' 'hip'\n",
      " 'hippopotamus' 'honeycomb' 'hood' 'horse' 'horseshoe' 'hotdog' 'hotplate'\n",
      " 'hourglass' 'hovercraft' 'hula_hoop' 'iceskate' 'icicle' 'iguana'\n",
      " 'inhaler' 'iron' 'jack' 'jam' 'jar' 'jeans' 'jellyfish' 'jersey'\n",
      " 'joystick' 'jukebox' 'kale' 'kangaroo' 'kazoo' 'kebab' 'kettle' 'key'\n",
      " 'kimono' 'kite' 'knife' 'knot' 'koala' 'ladder' 'ladle' 'lamp'\n",
      " 'lampshade' 'lantern' 'lasagna' 'lawnmower' 'lectern' 'leek' 'leggings'\n",
      " 'lego' 'lemon' 'lemonade' 'leopard' 'lettuce' 'life_jacket' 'lightbulb'\n",
      " 'lime' 'limousine' 'lingerie' 'lion' 'lip_balm' 'lizard' 'llama'\n",
      " 'lobster' 'lock' 'locker' 'lollipop' 'macadamia' 'magnifying_glass'\n",
      " 'mailbox' 'man' 'manatee' 'mandolin' 'mango' 'manhole' 'map' 'marijuana'\n",
      " 'marshmallow' 'mascara' 'mask' 'mast' 'match' 'meat' 'meat_grinder'\n",
      " 'meatball' 'melon' 'microphone' 'microscope' 'milk' 'milkshake' 'mirror'\n",
      " 'missile' 'mistletoe' 'mitten' 'monkey' 'moose' 'mop' 'mosquito'\n",
      " 'mosquito_net' 'moth' 'motorcycle' 'mouse1' 'mousetrap' 'mousse' 'muffin'\n",
      " 'mushroom' 'nacho' 'nail_polish' 'napkin_ring' 'necklace' 'needle' 'nest'\n",
      " 'net' 'noodle' 'nose' 'oar' 'oatmeal' 'octopus' 'odometer' 'okra'\n",
      " 'omelet' 'onion' 'otter' 'overalls' 'oyster' 'pacifier' 'padlock' 'paint'\n",
      " 'paintbrush' 'pan' 'pancake' 'panda' 'pantyhose' 'papaya' 'paper'\n",
      " 'paperclip' 'parachute' 'parsley' 'pastry' 'pea' 'peach' 'peanut' 'pear'\n",
      " 'pecan' 'peeler' 'pencil' 'pencil_sharpener' 'penguin' 'pepper1' 'petal'\n",
      " 'phone' 'piano' 'pickle' 'pie' 'pig' 'pigeon' 'pill' 'pillow' 'pineapple'\n",
      " 'ping-pong_table' 'pinwheel' 'pistachio' 'pizza' 'plastic_film' 'plate'\n",
      " 'platypus' 'playing_card' 'pliers' 'plum' 'pocket' 'pocketknife'\n",
      " 'pogo_stick' 'polaroid' 'pom-pom' 'pomegranate' 'popcorn' 'popsicle'\n",
      " 'porcupine' 'possum' 'poster' 'pot' 'potato' 'pothole' 'powder'\n",
      " 'praying_mantis' 'pretzel' 'prism' 'projector' 'puck' 'pudding' 'pumpkin'\n",
      " 'punch1' 'punching_bag' 'quill' 'rabbit' 'raccoon' 'racket' 'radiator'\n",
      " 'radish' 'raft' 'railing' 'raspberry' 'rat' 'rattle' 'razor' 'ready_meal'\n",
      " 'record' 'refrigerator' 'retainer' 'revolver' 'rhinoceros' 'rhubarb'\n",
      " 'ribbon' 'rice' 'rifle' 'ring' 'road_sign' 'robot' 'rocking_chair' 'roll'\n",
      " 'rollerblade' 'roof_rack' 'rug' 'ruler' 'saddle' 'saltshaker' 'sandpaper'\n",
      " 'satellite_dish' 'scaffolding' 'scallion' 'scanner' 'scarecrow'\n",
      " 'scissors' 'scone' 'scoreboard' 'scorpion' 'screwdriver' 'sea_urchin'\n",
      " 'seagull' 'seesaw' 'sewing_kit' 'shaving_cream' 'sheep' 'shell2' 'shield'\n",
      " 'ship' 'shirt' 'shoe' 'shovel' 'shower' 'shower_cap' 'shredder' 'shrimp'\n",
      " 'sickle' 'silverware' 'sim_card' 'sink' 'ski_pole' 'skunk' 'sleeping_bag'\n",
      " 'slingshot' 'sloth' 'smoke_alarm' 'snail' 'snake' 'snorkel' 'snowboard'\n",
      " 'snowplow' 'sock' 'soda_fountain' 'solar_panel' 'sombrero' 'sonogram'\n",
      " 'soy_sauce' 'space_shuttle' 'spareribs' 'spatula' 'speaker' 'spider'\n",
      " 'spinach' 'spoon' 'spout' 'sprinkler' 'squeegee' 'squirrel' 'stair'\n",
      " 'stalagmite' 'stamp2' 'stapler' 'starfish' 'steak' 'steamroller'\n",
      " 'stethoscope' 'stiletto' 'stopwatch' 'stove1' 'strainer' 'strawberry'\n",
      " 'streetlight' 'submarine' 'subway' 'suit' 'sundae' 'sundial' 'sunroof'\n",
      " 'sushi' 'suspenders' 'sweatsuit' 'sword' 'syringe' 'syrup' 't-shirt'\n",
      " 'tab' 'table' 'tablecloth' 'taco' 'tadpole' 'tag' 'taillight' 'tamale'\n",
      " 'tarp' 'tattoo' 'teapot' 'telescope' 'television' 'tent' 'thermometer'\n",
      " 'thermos' 'thermostat' 'thimble' 'thumbtack' 'tiara' 'tie' 'tiger'\n",
      " 'tiramisu' 'toast' 'toaster' 'toilet' 'toilet_paper' 'tomato' 'tongs'\n",
      " 'tongue' 'toolbox' 'toothpick' 'tortilla' 'toucan' 'touchpad' 'towel'\n",
      " 'towel_rack' 'tractor' 'train' 'trap' 'trashcan' 'tray' 'treadmill'\n",
      " 'tree' 'tree_trunk' 'trowel' 'truck' 'trumpet' 'tumbleweed' 'turtle'\n",
      " 'tuxedo' 'tweezers' 'typewriter' 'ukulele' 'umbrella' 'undershirt'\n",
      " 'uniform' 'urinal' 'valve' 'vase' 'velcro' 'videocassette' 'viewfinder'\n",
      " 'violin' 'waffle_iron' 'walker1' 'wall' 'wallet' 'wallpaper' 'walnut'\n",
      " 'walrus' 'wand' 'warthog' 'washboard' 'wasp' 'watch' 'water_fountain'\n",
      " 'weasel' 'whale' 'wheat' 'wheelbarrow' 'wheelchair' 'whip' 'whisk' 'wig'\n",
      " 'windowsill' 'wine' 'wire' 'wire_cutters' 'wolf' 'woman' 'wooden_leg'\n",
      " 'worm' 'wrapping_paper' 'wrench' 'yo-yo' 'zebra' 'zucchini']\n"
     ]
    }
   ],
   "source": [
    "# Loading the concept index for the fMRI RDM\n",
    "\n",
    "concept_index = np.load('./concept_indices/sub-01_LOC_concept_index.npy')\n",
    "\n",
    "print(concept_index)"
   ]
  },
  {
   "cell_type": "markdown",
   "id": "81fc5a6e",
   "metadata": {},
   "source": [
    "### Read in the Stimulus Metadata file for each subject to ensure that all subjects were shown the same 8640 images making up the 720 concepts during fMRI trials."
   ]
  },
  {
   "cell_type": "code",
   "execution_count": 70,
   "id": "81e4b8e1",
   "metadata": {},
   "outputs": [
    {
     "name": "stdout",
     "output_type": "stream",
     "text": [
      "Comparing stimulus columns (values only):\n",
      "True\n",
      "True\n",
      "True\n",
      "No differences found in the 'stimulus' column across the three subjects.\n"
     ]
    }
   ],
   "source": [
    "# I want to read in the Stimulus Metadata file for each subject\n",
    "\n",
    "# Load the Stimulus Metadata file for each subject\n",
    "# I want to sort the Stimulus Metadata file by the 'concept' column\n",
    "# Yes, you can do this safely in one line:\n",
    "sub_01_stimulus_metadata = pd.read_csv('sub-01_StimulusMetadata_train_only.csv').sort_values(by='concept').sort_values(by='stimulus')\n",
    "\n",
    "# print the first 20 rows of the Stimulus Metadata file\n",
    "#print(sub_01_stimulus_metadata.head(20))\n",
    "\n",
    "sub_02_stimulus_metadata = pd.read_csv('sub-02_StimulusMetadata_train_only.csv').sort_values(by='concept').sort_values(by='stimulus')\n",
    "\n",
    "#print(sub_02_stimulus_metadata.head(20))\n",
    "\n",
    "sub_03_stimulus_metadata = pd.read_csv('sub-03_StimulusMetadata_train_only.csv').sort_values(by='concept').sort_values(by='stimulus')\n",
    "\n",
    "#print(sub_03_stimulus_metadata.head(20))\n",
    "\n",
    "# I want to test whether the stimulus column is exactly the same across all three subjects\n",
    "# FIXED: Use reset_index(drop=True) to compare only values, not indices\n",
    "print(\"Comparing stimulus columns (values only):\")\n",
    "print(sub_01_stimulus_metadata['stimulus'].reset_index(drop=True).equals(sub_02_stimulus_metadata['stimulus'].reset_index(drop=True)))\n",
    "print(sub_01_stimulus_metadata['stimulus'].reset_index(drop=True).equals(sub_03_stimulus_metadata['stimulus'].reset_index(drop=True)))\n",
    "print(sub_02_stimulus_metadata['stimulus'].reset_index(drop=True).equals(sub_03_stimulus_metadata['stimulus'].reset_index(drop=True)))\n",
    "\n",
    "# Find and print rows where the 'stimulus' column differs across the three subjects\n",
    "\n",
    "stim_01 = sub_01_stimulus_metadata['stimulus'].reset_index(drop=True)\n",
    "stim_02 = sub_02_stimulus_metadata['stimulus'].reset_index(drop=True)\n",
    "stim_03 = sub_03_stimulus_metadata['stimulus'].reset_index(drop=True)\n",
    "\n",
    "# Find indices where any pair is not equal\n",
    "diff_mask = ~((stim_01 == stim_02) & (stim_01 == stim_03) & (stim_02 == stim_03))\n",
    "\n",
    "# Print the differing rows\n",
    "if diff_mask.any():\n",
    "    print(\"Rows where 'stimulus' column differs across subjects:\")\n",
    "    diff_df = pd.DataFrame({\n",
    "        'row': stim_01.index[diff_mask],\n",
    "        'sub_01_stimulus': stim_01[diff_mask].values,\n",
    "        'sub_02_stimulus': stim_02[diff_mask].values,\n",
    "        'sub_03_stimulus': stim_03[diff_mask].values\n",
    "    })\n",
    "    print(diff_df)\n",
    "else:\n",
    "    print(\"No differences found in the 'stimulus' column across the three subjects.\")"
   ]
  },
  {
   "cell_type": "markdown",
   "id": "53364616",
   "metadata": {},
   "source": [
    "### We can safely say that all three subjects were shown the same 12 images across all 720 object concepts. "
   ]
  },
  {
   "cell_type": "markdown",
   "id": "a9b8063e",
   "metadata": {},
   "source": [
    "### Calculate the average concept RDM for each ROI across subjects."
   ]
  },
  {
   "cell_type": "code",
   "execution_count": 71,
   "id": "a96bcab5",
   "metadata": {},
   "outputs": [
    {
     "name": "stdout",
     "output_type": "stream",
     "text": [
      "Available ROIs: ['lLOC', 'rLOC', 'va-1', 'va-2', 'va-3']\n",
      "\n",
      "Processing ROI: lLOC\n",
      "Found 3 RDMs for lLOC\n",
      "Stacked array shape: (3, 258840)\n",
      "Average vector shape: (258840,)\n",
      "First 5 values for lLOC: [0.63888889 0.55555556 0.625      0.61111111 0.54166667]\n",
      "\n",
      "Processing ROI: rLOC\n",
      "Found 3 RDMs for rLOC\n",
      "Stacked array shape: (3, 258840)\n",
      "Average vector shape: (258840,)\n",
      "First 5 values for rLOC: [0.68055556 0.51388889 0.69444444 0.56944444 0.54166667]\n",
      "\n",
      "Processing ROI: va-1\n",
      "Found 3 RDMs for va-1\n",
      "Stacked array shape: (3, 258840)\n",
      "Average vector shape: (258840,)\n",
      "First 5 values for va-1: [0.625      0.54166667 0.66666667 0.52777778 0.48611111]\n",
      "\n",
      "Processing ROI: va-2\n",
      "Found 3 RDMs for va-2\n",
      "Stacked array shape: (3, 258840)\n",
      "Average vector shape: (258840,)\n",
      "First 5 values for va-2: [0.61111111 0.54166667 0.625      0.43055556 0.43055556]\n",
      "\n",
      "Processing ROI: va-3\n",
      "Found 3 RDMs for va-3\n",
      "Stacked array shape: (3, 258840)\n",
      "Average vector shape: (258840,)\n",
      "First 5 values for va-3: [0.59722222 0.52777778 0.66666667 0.5        0.52777778]\n",
      "\n",
      "Created averaged upper triangle vectors for 5 ROIs:\n",
      "  lLOC: shape (258840,)\n",
      "  rLOC: shape (258840,)\n",
      "  va-1: shape (258840,)\n",
      "  va-2: shape (258840,)\n",
      "  va-3: shape (258840,)\n"
     ]
    }
   ],
   "source": [
    "# Create averaged upper triangle vectors for all ROIs\n",
    "# First, identify all unique ROIs from the fmri_rdms dictionary\n",
    "rois = set()\n",
    "for key in fmri_rdms.keys():\n",
    "    roi = key.split('_')[1]  # Extract ROI from key like '01_lLOC' -> 'lLOC'\n",
    "    rois.add(roi)\n",
    "\n",
    "print(\"Available ROIs:\", sorted(rois))\n",
    "\n",
    "# Create a dictionary to store averaged upper triangle vectors for each ROI\n",
    "roi_average_upper_triangles = {}\n",
    "\n",
    "# Get upper triangular indices (same for all RDMs since they're all 720x720)\n",
    "upper_tri_indices = np.triu_indices_from(fmri_rdms[list(fmri_rdms.keys())[0]], k=1)\n",
    "\n",
    "for roi in sorted(rois):\n",
    "    print(f\"\\nProcessing ROI: {roi}\")\n",
    "    \n",
    "    # Filter RDMs for this specific ROI\n",
    "    roi_rdms = {k: v for k, v in fmri_rdms.items() if roi in k}\n",
    "    print(f\"Found {len(roi_rdms)} RDMs for {roi}\")\n",
    "    \n",
    "    # Extract upper triangular elements for each RDM\n",
    "    roi_rdms_upper = {}\n",
    "    for key in roi_rdms:\n",
    "        roi_rdms_upper[key] = roi_rdms[key][upper_tri_indices]\n",
    "    \n",
    "    # Stack the vectors into a single array\n",
    "    roi_rdms_upper_array = np.stack(list(roi_rdms_upper.values()))\n",
    "    print(f\"Stacked array shape: {roi_rdms_upper_array.shape}\")\n",
    "    \n",
    "    # Calculate the average across subjects\n",
    "    # axis=0 means we are taking the mean down the rows (i.e., column-wise), so for each position in the upper triangle vector, we average across all subjects' RDMs\n",
    "    roi_average_upper_triangle = np.mean(roi_rdms_upper_array, axis=0)\n",
    "    print(f\"Average vector shape: {roi_average_upper_triangle.shape}\")\n",
    "    \n",
    "    # Store in the dictionary\n",
    "    roi_average_upper_triangles[roi] = roi_average_upper_triangle\n",
    "    \n",
    "    # Print first 5 values as a sanity check\n",
    "    print(f\"First 5 values for {roi}: {roi_average_upper_triangle[:5]}\")\n",
    "\n",
    "print(f\"\\nCreated averaged upper triangle vectors for {len(roi_average_upper_triangles)} ROIs:\")\n",
    "for roi in roi_average_upper_triangles:\n",
    "    print(f\"  {roi}: shape {roi_average_upper_triangles[roi].shape}\")"
   ]
  },
  {
   "cell_type": "markdown",
   "id": "640e432f",
   "metadata": {},
   "source": [
    "### Average the fMRI activity between left and right LOC."
   ]
  },
  {
   "cell_type": "code",
   "execution_count": 72,
   "id": "3213d6a2",
   "metadata": {},
   "outputs": [
    {
     "name": "stdout",
     "output_type": "stream",
     "text": [
      "(258840,)\n",
      "(258840,)\n",
      "dict_keys(['lLOC', 'rLOC', 'va-1', 'va-2', 'va-3', 'LOC'])\n",
      "dict_keys(['va-1', 'va-2', 'va-3', 'LOC'])\n"
     ]
    }
   ],
   "source": [
    "roi_average_upper_triangles['LOC'] = np.mean(\n",
    "    np.stack([roi_average_upper_triangles['lLOC'], roi_average_upper_triangles['rLOC']]), axis=0\n",
    ")\n",
    "\n",
    "print(roi_average_upper_triangles['LOC'].shape)\n",
    "\n",
    "print(roi_average_upper_triangles['rLOC'].shape)\n",
    "\n",
    "print(roi_average_upper_triangles.keys())\n",
    "\n",
    "# remove the lLOC and rLOC keys\n",
    "roi_average_upper_triangles.pop('lLOC')\n",
    "roi_average_upper_triangles.pop('rLOC')\n",
    "\n",
    "print(roi_average_upper_triangles.keys())"
   ]
  },
  {
   "cell_type": "markdown",
   "id": "c24a1196",
   "metadata": {},
   "source": [
    "# Create feature-reweighting functions."
   ]
  },
  {
   "cell_type": "markdown",
   "id": "4381cd8c",
   "metadata": {},
   "source": [
    "### Convert the vectors of fMRI RDMs averaged across subjects for each ROI back to 720x720 RDMs to ensure proper formatting for analysis."
   ]
  },
  {
   "cell_type": "code",
   "execution_count": 73,
   "id": "cf85e5ff",
   "metadata": {},
   "outputs": [
    {
     "name": "stdout",
     "output_type": "stream",
     "text": [
      "Reconstructing 720x720 RDMs from upper triangular vectors (CORRECTED)...\n",
      "======================================================================\n",
      "Upper triangular indices shape: (258840,)\n",
      "Number of upper triangular elements: 258840\n",
      "Expected vector length: 258840\n",
      "\n",
      "Processing ROI: LOC\n",
      "  Upper triangular vector shape: (258840,)\n",
      "  Vector length: 258840\n",
      "  ✓ Vector length matches expected\n",
      "  Reconstructed RDM shape: (720, 720)\n",
      "  RDM is symmetric: True\n",
      "  Diagonal is zero: True\n",
      "  Min value: 0.0000\n",
      "  Max value: 0.9167\n",
      "  Mean value: 0.6098\n",
      "\n",
      "Processing ROI: va-1\n",
      "  Upper triangular vector shape: (258840,)\n",
      "  Vector length: 258840\n",
      "  ✓ Vector length matches expected\n",
      "  Reconstructed RDM shape: (720, 720)\n",
      "  RDM is symmetric: True\n",
      "  Diagonal is zero: True\n",
      "  Min value: 0.0000\n",
      "  Max value: 0.9306\n",
      "  Mean value: 0.5621\n",
      "\n",
      "Processing ROI: va-2\n",
      "  Upper triangular vector shape: (258840,)\n",
      "  Vector length: 258840\n",
      "  ✓ Vector length matches expected\n",
      "  Reconstructed RDM shape: (720, 720)\n",
      "  RDM is symmetric: True\n",
      "  Diagonal is zero: True\n",
      "  Min value: 0.0000\n",
      "  Max value: 0.9444\n",
      "  Mean value: 0.5582\n",
      "\n",
      "Processing ROI: va-3\n",
      "  Upper triangular vector shape: (258840,)\n",
      "  Vector length: 258840\n",
      "  ✓ Vector length matches expected\n",
      "  Reconstructed RDM shape: (720, 720)\n",
      "  RDM is symmetric: True\n",
      "  Diagonal is zero: True\n",
      "  Min value: 0.0000\n",
      "  Max value: 0.9444\n",
      "  Mean value: 0.5606\n",
      "\n",
      "Successfully reconstructed RDMs for 4 ROIs\n",
      "Available ROIs: ['LOC', 'va-1', 'va-2', 'va-3']\n",
      "\n",
      "Reconstruction verification:\n",
      "  LOC: Vectors match = True\n",
      "  va-1: Vectors match = True\n",
      "  va-2: Vectors match = True\n",
      "  va-3: Vectors match = True\n",
      "\n",
      "Example usage:\n",
      "  roi_reconstructed_rdms['LOC']  # 720x720 RDM for LOC\n",
      "  roi_reconstructed_rdms['LOC'][:5, :5]  # First 5x5 of the RDM\n",
      "\n",
      "Sample RDM (LOC) - first 5x5:\n",
      "[[0.         0.65972222 0.53472222 0.65972222 0.59027778]\n",
      " [0.65972222 0.         0.70833333 0.72222222 0.64583333]\n",
      " [0.53472222 0.70833333 0.         0.52083333 0.70833333]\n",
      " [0.65972222 0.72222222 0.52083333 0.         0.68055556]\n",
      " [0.59027778 0.64583333 0.70833333 0.68055556 0.        ]]\n"
     ]
    }
   ],
   "source": [
    "# Convert upper triangular vectors back to 720x720 RDMs (CORRECTED VERSION)\n",
    "# This reconstructs the full RDM matrices from the upper triangular elements\n",
    "\n",
    "# Dictionary to store reconstructed RDMs\n",
    "roi_reconstructed_rdms = {}\n",
    "\n",
    "print(\"Reconstructing 720x720 RDMs from upper triangular vectors (CORRECTED)...\")\n",
    "print(\"=\" * 70)\n",
    "\n",
    "# Get the upper triangular indices (same as used before)\n",
    "upper_tri_indices = np.triu_indices(720, k=1)  # 720x720 matrix, k=1 excludes diagonal\n",
    "\n",
    "print(f\"Upper triangular indices shape: {upper_tri_indices[0].shape}\")\n",
    "print(f\"Number of upper triangular elements: {len(upper_tri_indices[0])}\")\n",
    "print(f\"Expected vector length: {len(upper_tri_indices[0])}\")\n",
    "\n",
    "# Loop through each ROI\n",
    "for roi in sorted(roi_average_upper_triangles.keys()):\n",
    "    print(f\"\\nProcessing ROI: {roi}\")\n",
    "    \n",
    "    # Get the upper triangular vector\n",
    "    upper_tri_vector = roi_average_upper_triangles[roi]\n",
    "    print(f\"  Upper triangular vector shape: {upper_tri_vector.shape}\")\n",
    "    print(f\"  Vector length: {len(upper_tri_vector)}\")\n",
    "    \n",
    "    # Verify the vector length matches expected\n",
    "    expected_length = len(upper_tri_indices[0])\n",
    "    if len(upper_tri_vector) != expected_length:\n",
    "        print(f\"  ⚠ Warning: Vector length {len(upper_tri_vector)} doesn't match expected {expected_length}\")\n",
    "    else:\n",
    "        print(f\"  ✓ Vector length matches expected\")\n",
    "    \n",
    "    # Create empty RDM matrix\n",
    "    rdm = np.zeros((720, 720))\n",
    "    \n",
    "    # Fill the upper triangular part\n",
    "    rdm[upper_tri_indices] = upper_tri_vector\n",
    "    \n",
    "    # Fill the lower triangular part (RDM is symmetric) - CORRECTED METHOD\n",
    "    # Use transpose to ensure perfect symmetry\n",
    "    rdm = rdm + rdm.T\n",
    "    \n",
    "    # Ensure diagonal is zero\n",
    "    np.fill_diagonal(rdm, 0)\n",
    "    \n",
    "    # Store the reconstructed RDM\n",
    "    roi_reconstructed_rdms[roi] = rdm\n",
    "    \n",
    "    print(f\"  Reconstructed RDM shape: {rdm.shape}\")\n",
    "    print(f\"  RDM is symmetric: {np.allclose(rdm, rdm.T)}\")\n",
    "    print(f\"  Diagonal is zero: {np.all(np.diag(rdm) == 0)}\")\n",
    "    print(f\"  Min value: {np.min(rdm):.4f}\")\n",
    "    print(f\"  Max value: {np.max(rdm):.4f}\")\n",
    "    print(f\"  Mean value: {np.mean(rdm):.4f}\")\n",
    "\n",
    "print(f\"\\nSuccessfully reconstructed RDMs for {len(roi_reconstructed_rdms)} ROIs\")\n",
    "print(f\"Available ROIs: {sorted(roi_reconstructed_rdms.keys())}\")\n",
    "\n",
    "# Verify reconstruction by comparing with original data\n",
    "print(f\"\\nReconstruction verification:\")\n",
    "for roi in sorted(roi_reconstructed_rdms.keys()):\n",
    "    reconstructed_rdm = roi_reconstructed_rdms[roi]\n",
    "    original_vector = roi_average_upper_triangles[roi]\n",
    "    \n",
    "    # Extract upper triangular from reconstructed RDM\n",
    "    reconstructed_vector = reconstructed_rdm[upper_tri_indices]\n",
    "    \n",
    "    # Check if they match\n",
    "    vectors_match = np.allclose(original_vector, reconstructed_vector)\n",
    "    print(f\"  {roi}: Vectors match = {vectors_match}\")\n",
    "    \n",
    "    if not vectors_match:\n",
    "        diff = np.abs(original_vector - reconstructed_vector)\n",
    "        print(f\"    Max difference: {np.max(diff):.10f}\")\n",
    "        print(f\"    Mean difference: {np.mean(diff):.10f}\")\n",
    "\n",
    "# Show how to access the reconstructed RDMs\n",
    "print(f\"\\nExample usage:\")\n",
    "first_roi = sorted(roi_reconstructed_rdms.keys())[0]\n",
    "print(f\"  roi_reconstructed_rdms['{first_roi}']  # 720x720 RDM for {first_roi}\")\n",
    "print(f\"  roi_reconstructed_rdms['{first_roi}'][:5, :5]  # First 5x5 of the RDM\")\n",
    "\n",
    "# Show a sample of the reconstructed RDM\n",
    "sample_roi = sorted(roi_reconstructed_rdms.keys())[0]\n",
    "sample_rdm = roi_reconstructed_rdms[sample_roi]\n",
    "print(f\"\\nSample RDM ({sample_roi}) - first 5x5:\")\n",
    "print(sample_rdm[:5, :5])"
   ]
  },
  {
   "cell_type": "markdown",
   "id": "572f5055",
   "metadata": {},
   "source": [
    "### Define a function that uses ridge regression to generate weights for combining the 14 layer-level RDMs to predict a single neural RDM."
   ]
  },
  {
   "cell_type": "code",
   "execution_count": 74,
   "id": "2dcae80e",
   "metadata": {},
   "outputs": [],
   "source": [
    "def ridge_reweighting_single_rdm(\n",
    "    model_rdms,  # Shape: [L, N, N]\n",
    "    neural_rdm,   # Shape: [N, N] - single RDM\n",
    "    alpha_candidates=None,\n",
    "    cv_folds=5,\n",
    "    objective='spearman'\n",
    "):\n",
    "    \"\"\"\n",
    "    Compute ridge weights combining layer model RDMs to predict a single neural RDM.\n",
    "    \n",
    "    Args:\n",
    "        model_rdms: Model RDMs of shape [L, N, N]\n",
    "        neural_rdm: Single neural RDM of shape [N, N]\n",
    "        alpha_candidates: List of alpha values to test\n",
    "        cv_folds: Number of cross-validation folds\n",
    "        objective: 'spearman' or 'ridgecv'\n",
    "        \n",
    "    Returns:\n",
    "        weights: Ridge weights of shape [L] - one weight per layer\n",
    "        best_alpha: Best alpha value found\n",
    "        cv_score: Cross-validation score\n",
    "    \"\"\"\n",
    "\n",
    "    L, N, _ = model_rdms.shape\n",
    "    \n",
    "    # Build feature matrix X = upper-tri of each layer RDM -> [n_pairs, L]\n",
    "    triu = torch.triu_indices(N, N, offset=1)\n",
    "    n_pairs = triu.shape[1]\n",
    "    X = np.zeros((n_pairs, L), dtype=np.float32)\n",
    "    \n",
    "    for l in range(L):\n",
    "        rdm_l = model_rdms[l]\n",
    "        X[:, l] = rdm_l[triu[0], triu[1]].astype(np.float32)\n",
    "    \n",
    "    # Extract target vector from neural RDM\n",
    "    if isinstance(neural_rdm, torch.Tensor):\n",
    "        y = neural_rdm[triu[0], triu[1]].cpu().numpy().astype(np.float32)\n",
    "    else:\n",
    "        y = neural_rdm[triu[0], triu[1]].astype(np.float32)\n",
    "    \n",
    "    alpha_candidates = alpha_candidates if alpha_candidates is not None else [1e-3, 1e-2, 1e-1, 1.0, 1e1, 1e2, 1e3]\n",
    "    \n",
