{
 "cells": [
  {
   "cell_type": "markdown",
   "id": "fe9ad079",
   "metadata": {},
   "source": [
    "Load Packages"
   ]
  },
  {
   "cell_type": "code",
   "execution_count": 2,
   "id": "1374cce2",
   "metadata": {},
   "outputs": [],
   "source": [
    "import numpy as np\n",
    "from pathlib import Path\n",
    "import pandas as pd\n",
    "import torch\n",
    "import os\n",
    "import pickle\n",
    "import glob\n",
    "import re\n",
    "import matplotlib.pyplot as plt\n",
    "from sklearn.model_selection import KFold\n",
    "from sklearn.linear_model import Ridge\n",
    "from tqdm import tqdm\n",
    "from sklearn.metrics.pairwise import cosine_similarity\n",
    "from scipy import stats\n",
    "import matplotlib.pyplot as plt\n",
    "import seaborn as sns"
   ]
  },
  {
   "cell_type": "code",
   "execution_count": 3,
   "id": "b9ab22c7",
   "metadata": {},
   "outputs": [],
   "source": [
    "plt.rcParams['font.family'] = 'Times New Roman'"
   ]
  },
  {
   "cell_type": "markdown",
   "id": "7da716c7",
   "metadata": {},
   "source": [
    "## Process the THINGS fMRI RDMs"
   ]
  },
  {
   "cell_type": "code",
   "execution_count": 25,
   "id": "fee097c9",
   "metadata": {},
   "outputs": [
    {
     "name": "stdout",
     "output_type": "stream",
     "text": [
      "02\n",
      "va-1\n",
      "(720, 720)\n",
      "03\n",
      "va-1\n",
      "(720, 720)\n",
      "01\n",
      "va-1\n",
      "(720, 720)\n",
      "01\n",
      "va-2\n",
      "(720, 720)\n",
      "02\n",
      "va-2\n",
      "(720, 720)\n",
      "03\n",
      "va-2\n",
      "(720, 720)\n",
      "01\n",
      "va-3\n",
      "(720, 720)\n",
      "03\n",
      "va-3\n",
      "(720, 720)\n",
      "02\n",
      "va-3\n",
      "(720, 720)\n",
      "03\n",
      "lLOC\n",
      "(720, 720)\n",
      "01\n",
      "lLOC\n",
      "(720, 720)\n",
      "02\n",
      "lLOC\n",
      "(720, 720)\n",
      "02\n",
      "rLOC\n",
      "(720, 720)\n",
      "03\n",
      "rLOC\n",
      "(720, 720)\n",
      "01\n",
      "rLOC\n",
      "(720, 720)\n",
      "02_va-1\n",
      "[[0.         0.5        0.45833333 0.58333333 0.625     ]\n",
      " [0.5        0.         0.625      0.70833333 0.875     ]\n",
      " [0.45833333 0.625      0.         0.58333333 0.375     ]\n",
      " [0.58333333 0.70833333 0.58333333 0.         0.54166667]\n",
      " [0.625      0.875      0.375      0.54166667 0.        ]]\n",
      "03_va-1\n",
      "[[0.         0.625      0.75       0.75       0.41666667]\n",
      " [0.625      0.         0.66666667 0.58333333 0.41666667]\n",
      " [0.75       0.66666667 0.         0.375      0.58333333]\n",
      " [0.75       0.58333333 0.375      0.         0.58333333]\n",
      " [0.41666667 0.41666667 0.58333333 0.58333333 0.        ]]\n",
      "01_va-1\n",
      "[[0.         0.75       0.41666667 0.66666667 0.54166667]\n",
      " [0.75       0.         0.70833333 0.75       0.75      ]\n",
      " [0.41666667 0.70833333 0.         0.5        0.45833333]\n",
      " [0.66666667 0.75       0.5        0.         0.70833333]\n",
      " [0.54166667 0.75       0.45833333 0.70833333 0.        ]]\n",
      "01_va-2\n",
      "[[0.         0.83333333 0.29166667 0.625      0.33333333]\n",
      " [0.83333333 0.         0.625      0.75       0.625     ]\n",
      " [0.29166667 0.625      0.         0.58333333 0.54166667]\n",
      " [0.625      0.75       0.58333333 0.         0.58333333]\n",
      " [0.33333333 0.625      0.54166667 0.58333333 0.        ]]\n",
      "02_va-2\n",
      "[[0.         0.58333333 0.58333333 0.58333333 0.58333333]\n",
      " [0.58333333 0.         0.70833333 0.66666667 0.79166667]\n",
      " [0.58333333 0.70833333 0.         0.5        0.66666667]\n",
      " [0.58333333 0.66666667 0.5        0.         0.625     ]\n",
      " [0.58333333 0.79166667 0.66666667 0.625      0.        ]]\n",
      "03_va-2\n",
      "[[0.         0.41666667 0.75       0.66666667 0.375     ]\n",
      " [0.41666667 0.         0.66666667 0.625      0.5       ]\n",
      " [0.75       0.66666667 0.         0.5        0.54166667]\n",
      " [0.66666667 0.625      0.5        0.         0.70833333]\n",
      " [0.375      0.5        0.54166667 0.70833333 0.        ]]\n",
      "01_va-3\n",
      "[[0.         0.625      0.45833333 0.625      0.45833333]\n",
      " [0.625      0.         0.75       0.66666667 0.70833333]\n",
      " [0.45833333 0.75       0.         0.54166667 0.54166667]\n",
      " [0.625      0.66666667 0.54166667 0.         0.54166667]\n",
      " [0.45833333 0.70833333 0.54166667 0.54166667 0.        ]]\n",
      "03_va-3\n",
      "[[0.         0.54166667 0.66666667 0.58333333 0.375     ]\n",
      " [0.54166667 0.         0.58333333 0.54166667 0.54166667]\n",
      " [0.66666667 0.58333333 0.         0.5        0.45833333]\n",
      " [0.58333333 0.54166667 0.5        0.         0.45833333]\n",
      " [0.375      0.54166667 0.45833333 0.45833333 0.        ]]\n",
      "02_va-3\n",
      "[[0.         0.625      0.45833333 0.79166667 0.66666667]\n",
      " [0.625      0.         0.375      0.79166667 0.70833333]\n",
      " [0.45833333 0.375      0.         0.375      0.5       ]\n",
      " [0.79166667 0.79166667 0.375      0.         0.70833333]\n",
      " [0.66666667 0.70833333 0.5        0.70833333 0.        ]]\n",
      "03_lLOC\n",
      "[[0.         0.66666667 0.54166667 0.45833333 0.58333333]\n",
      " [0.66666667 0.         0.58333333 0.79166667 0.625     ]\n",
      " [0.54166667 0.58333333 0.         0.54166667 0.625     ]\n",
      " [0.45833333 0.79166667 0.54166667 0.         0.66666667]\n",
      " [0.58333333 0.625      0.625      0.66666667 0.        ]]\n",
      "01_lLOC\n",
      "[[0.         0.75       0.58333333 0.625      0.54166667]\n",
      " [0.75       0.         0.875      0.83333333 0.58333333]\n",
      " [0.58333333 0.875      0.         0.33333333 0.58333333]\n",
      " [0.625      0.83333333 0.33333333 0.         0.58333333]\n",
      " [0.54166667 0.58333333 0.58333333 0.58333333 0.        ]]\n",
      "02_lLOC\n",
      "[[0.         0.5        0.54166667 0.79166667 0.70833333]\n",
      " [0.5        0.         0.625      0.54166667 0.70833333]\n",
      " [0.54166667 0.625      0.         0.625      0.79166667]\n",
      " [0.79166667 0.54166667 0.625      0.         0.66666667]\n",
      " [0.70833333 0.70833333 0.79166667 0.66666667 0.        ]]\n",
      "02_rLOC\n",
      "[[0.         0.70833333 0.45833333 0.70833333 0.70833333]\n",
      " [0.70833333 0.         0.625      0.625      0.75      ]\n",
      " [0.45833333 0.625      0.         0.41666667 0.75      ]\n",
      " [0.70833333 0.625      0.41666667 0.         0.70833333]\n",
      " [0.70833333 0.75       0.75       0.70833333 0.        ]]\n",
      "03_rLOC\n",
      "[[0.         0.70833333 0.625      0.625      0.375     ]\n",
      " [0.70833333 0.         0.79166667 0.79166667 0.5       ]\n",
      " [0.625      0.79166667 0.         0.66666667 0.75      ]\n",
      " [0.625      0.79166667 0.66666667 0.         0.70833333]\n",
      " [0.375      0.5        0.75       0.70833333 0.        ]]\n",
      "01_rLOC\n",
      "[[0.         0.625      0.45833333 0.75       0.625     ]\n",
      " [0.625      0.         0.75       0.75       0.70833333]\n",
      " [0.45833333 0.75       0.         0.54166667 0.75      ]\n",
      " [0.75       0.75       0.54166667 0.         0.75      ]\n",
      " [0.625      0.70833333 0.75       0.75       0.        ]]\n"
     ]
    }
   ],
   "source": [
    "# Load all the files from the fmri_path directory that contain the word 'va-1', or 'va-2', or 'va-3', 'rLOC' or 'lLOC'\n",
    "fmri_path = Path('/home/wallacelab/teba/multimodal_brain_inspired/THINGS-fMRI_Complete/all_rdm')\n",
    "fmri_files = list(fmri_path.glob(\"*va-1_*\")) + list(fmri_path.glob(\"*va-2_*\")) + list(fmri_path.glob(\"*va-3_*\")) + list(fmri_path.glob(\"*lLOC*\")) + list(fmri_path.glob(\"*rLOC*\"))\n",
    "\n",
    "# create a dictionary to store the fMRI RDMs\n",
    "fmri_rdms = {}\n",
    "\n",
    "for file in fmri_files:\n",
    "    # extract the subject number from the file name\n",
    "    subject_number = file.stem.split('_')[0].split('-')[1]\n",
    "    print(subject_number)\n",
    "    # extract the roi from the file name\n",
    "    # This pattern is looking for the ROI name as the second element after splitting the filename (without extension) by underscores.\n",
    "    if 'va' in file.stem:\n",
    "        roi = file.stem.split('_')[2]\n",
    "    else:\n",
    "        roi = file.stem.split('_')[1]\n",
    "    print(roi)\n",
    "    fmri_rdm = np.load(file)\n",
    "    print(fmri_rdm.shape)\n",
    "    # store the fMRI RDM in the dictionary\n",
    "    fmri_rdms[subject_number + '_' + roi] = fmri_rdm\n",
    "\n",
    "# # print the first 5x5 of every fMRI RDM in the dictionary\n",
    "for key in fmri_rdms:\n",
    "    print(key)\n",
    "    print(fmri_rdms[key][:5, :5])"
   ]
  },
  {
   "cell_type": "markdown",
   "id": "0cc78537",
   "metadata": {},
   "source": [
    "Get the variable names for our five ROIs."
   ]
  },
  {
   "cell_type": "code",
   "execution_count": 26,
   "id": "f15c29f5",
   "metadata": {},
   "outputs": [
    {
     "name": "stdout",
     "output_type": "stream",
     "text": [
      "['va-2', 'lLOC', 'va-1', 'va-3', 'rLOC']\n",
      "va-2_rdms\n",
      "lLOC_rdms\n",
      "va-1_rdms\n",
      "va-3_rdms\n",
      "rLOC_rdms\n"
     ]
    }
   ],
   "source": [
    "fmri_rdms_rois = list(set([key.split('_')[1] for key in fmri_rdms.keys()]))\n",
    "\n",
    "print(fmri_rdms_rois)\n",
    "\n",
    "for roi in fmri_rdms_rois:\n",
    "    # Create a dictionary of RDMs for the current ROI, using the ROI name in the variable name\n",
    "    roi_rdms_varname = f\"{roi}_rdms\"\n",
    "    locals()[roi_rdms_varname] = {k: v for k, v in fmri_rdms.items() if roi in k}\n",
    "\n",
    "    print(roi_rdms_varname)"
   ]
  },
  {
   "cell_type": "code",
   "execution_count": 27,
   "id": "0b75dd4c",
   "metadata": {},
   "outputs": [
    {
     "name": "stdout",
     "output_type": "stream",
     "text": [
      "['acorn' 'airbag' 'aircraft_carrier' 'airplane' 'alligator' 'aloe' 'altar'\n",
      " 'aluminum_foil' 'anchor' 'anklet' 'ant' 'anteater' 'antelope' 'antenna'\n",
      " 'anvil' 'apple' 'applesauce' 'artichoke' 'ashtray' 'asparagus' 'avocado'\n",
      " 'axe' 'baby' 'backpack' 'bag' 'bagel' 'ball' 'balloon' 'bamboo' 'banana'\n",
      " 'banana_split' 'bandage' 'banner' 'barnacle' 'barrel' 'basket' 'bassinet'\n",
      " 'battery' 'beachball' 'beaker' 'bean' 'bear' 'beaver' 'bed' 'bee' 'beer'\n",
      " 'beet' 'beetle' 'bell' 'bench' 'bib' 'bike' 'binoculars' 'bird'\n",
      " 'birdcage' 'birdhouse' 'bison' 'blackberry' 'blanket' 'blazer' 'blender'\n",
      " 'blimp' 'blind' 'blowtorch' 'blueberry' 'boa' 'boar' 'boat' 'bobsled'\n",
      " 'bolt' 'book' 'boot' 'bottle' 'bow2' 'bowl' 'boxer_shorts'\n",
      " 'boxing_gloves' 'boy' 'brace' 'bracelet2' 'bracket' 'bread' 'breadbox'\n",
      " 'breadstick' 'broccoli' 'broom' 'brownie' 'brush' 'bubble' 'bucket'\n",
      " 'buggy' 'bulldozer' 'bullet' 'bumper' 'bungee' 'bunkbed' 'burner'\n",
      " 'burrito' 'bus' 'butterfly' 'cabbage' 'cactus' 'cage' 'cake' 'calculator'\n",
      " 'camcorder' 'camel' 'camera1' 'camera2' 'candelabra' 'candle' 'candy'\n",
      " 'candy_bar' 'cane' 'cannon' 'canoe' 'canvas' 'car' 'cardigan' 'carousel'\n",
      " 'carrot' 'cashew' 'cassette' 'cat' 'caterpillar' 'cauliflower' 'celery'\n",
      " 'cellphone' 'chair' 'chalice' 'chalk' 'chalkboard' 'chandelier' 'cheese'\n",
      " 'cheetah' 'cherry' 'chess_piece' 'chest1' 'chest2' 'chicken_wire' 'chili'\n",
      " 'chin' 'chinchilla' 'chip' 'chipmunk' 'chocolate' 'christmas_tree'\n",
      " 'cinnamon' 'clarinet' 'clay' 'clipboard' 'clock' 'closet' 'coat'\n",
      " 'coat_rack' 'cockroach' 'coconut' 'coffee_pot' 'coffin' 'coin' 'coleslaw'\n",
      " 'comb' 'compass' 'computer' 'computer_screen' 'confetti' 'contact_lens'\n",
      " 'cookie' 'copier' 'cork' 'corkscrew' 'corn' 'cotton_candy' 'couch'\n",
      " 'coverall' 'cow' 'cranberry' 'crank' 'crate' 'crayfish' 'crayon'\n",
      " 'credit_card' 'crib' 'croissant' 'crouton' 'crowbar' 'crown' 'crutch'\n",
      " 'crystal1' 'cucumber' 'cufflink' 'cup' 'cupcake' 'curtain' 'cymbal'\n",
      " 'dashboard' 'deer' 'defibrillator' 'desk' 'diaper' 'dice' 'dish'\n",
      " 'dishrag' 'dishwasher' 'dog' 'doll' 'dollhouse' 'dolly' 'dolphin'\n",
      " 'donkey' 'donut' 'doormat' 'dough' 'dragonfly' 'drain' 'drawer' 'dress'\n",
      " 'dresser' 'drill' 'drum' 'duster' 'dustpan' 'earring' 'earwig' 'easel'\n",
      " 'egg' 'egg_roll' 'eggbeater' 'eggplant' 'elbow' 'elephant' 'emerald'\n",
      " 'envelope' 'extinguisher' 'eyedropper' 'eyepiece' 'face' 'face_mask'\n",
      " 'fence' 'fern' 'ferret' 'ferris_wheel' 'fig' 'filing_cabinet' 'fire'\n",
      " 'firetruck' 'fireworks' 'fish' 'flag' 'flashbulb' 'flashlight' 'floss'\n",
      " 'flower' 'flyswatter' 'fondue' 'football_helmet' 'footbath' 'footprint'\n",
      " 'footrest' 'forklift' 'frog' 'fudge' 'game' 'garbage' 'gargoyle' 'garlic'\n",
      " 'garter' 'gauze' 'gearshift' 'gel' 'giraffe' 'girl' 'glass' 'go-kart'\n",
      " 'goalpost' 'goat' 'golf_cart' 'gondola' 'graffiti' 'gramophone' 'granite'\n",
      " 'granola' 'grape' 'grapefruit' 'grasshopper' 'grate' 'gravel'\n",
      " 'gravestone' 'grenade' 'grits' 'groundhog' 'guacamole' 'guardrail'\n",
      " 'guillotine' 'guitar' 'gun' 'hairbrush' 'hairpin' 'hamburger' 'hammer'\n",
      " 'hammock' 'hamster' 'hand' 'handcuff' 'hanger' 'hatbox' 'hay' 'headlamp'\n",
      " 'headphones' 'hedge' 'hedgehog' 'helicopter' 'helmet' 'highlighter' 'hip'\n",
      " 'hippopotamus' 'honeycomb' 'hood' 'horse' 'horseshoe' 'hotdog' 'hotplate'\n",
      " 'hourglass' 'hovercraft' 'hula_hoop' 'iceskate' 'icicle' 'iguana'\n",
      " 'inhaler' 'iron' 'jack' 'jam' 'jar' 'jeans' 'jellyfish' 'jersey'\n",
      " 'joystick' 'jukebox' 'kale' 'kangaroo' 'kazoo' 'kebab' 'kettle' 'key'\n",
      " 'kimono' 'kite' 'knife' 'knot' 'koala' 'ladder' 'ladle' 'lamp'\n",
      " 'lampshade' 'lantern' 'lasagna' 'lawnmower' 'lectern' 'leek' 'leggings'\n",
      " 'lego' 'lemon' 'lemonade' 'leopard' 'lettuce' 'life_jacket' 'lightbulb'\n",
      " 'lime' 'limousine' 'lingerie' 'lion' 'lip_balm' 'lizard' 'llama'\n",
      " 'lobster' 'lock' 'locker' 'lollipop' 'macadamia' 'magnifying_glass'\n",
      " 'mailbox' 'man' 'manatee' 'mandolin' 'mango' 'manhole' 'map' 'marijuana'\n",
      " 'marshmallow' 'mascara' 'mask' 'mast' 'match' 'meat' 'meat_grinder'\n",
      " 'meatball' 'melon' 'microphone' 'microscope' 'milk' 'milkshake' 'mirror'\n",
      " 'missile' 'mistletoe' 'mitten' 'monkey' 'moose' 'mop' 'mosquito'\n",
      " 'mosquito_net' 'moth' 'motorcycle' 'mouse1' 'mousetrap' 'mousse' 'muffin'\n",
      " 'mushroom' 'nacho' 'nail_polish' 'napkin_ring' 'necklace' 'needle' 'nest'\n",
      " 'net' 'noodle' 'nose' 'oar' 'oatmeal' 'octopus' 'odometer' 'okra'\n",
      " 'omelet' 'onion' 'otter' 'overalls' 'oyster' 'pacifier' 'padlock' 'paint'\n",
      " 'paintbrush' 'pan' 'pancake' 'panda' 'pantyhose' 'papaya' 'paper'\n",
      " 'paperclip' 'parachute' 'parsley' 'pastry' 'pea' 'peach' 'peanut' 'pear'\n",
      " 'pecan' 'peeler' 'pencil' 'pencil_sharpener' 'penguin' 'pepper1' 'petal'\n",
      " 'phone' 'piano' 'pickle' 'pie' 'pig' 'pigeon' 'pill' 'pillow' 'pineapple'\n",
      " 'ping-pong_table' 'pinwheel' 'pistachio' 'pizza' 'plastic_film' 'plate'\n",
      " 'platypus' 'playing_card' 'pliers' 'plum' 'pocket' 'pocketknife'\n",
      " 'pogo_stick' 'polaroid' 'pom-pom' 'pomegranate' 'popcorn' 'popsicle'\n",
      " 'porcupine' 'possum' 'poster' 'pot' 'potato' 'pothole' 'powder'\n",
      " 'praying_mantis' 'pretzel' 'prism' 'projector' 'puck' 'pudding' 'pumpkin'\n",
      " 'punch1' 'punching_bag' 'quill' 'rabbit' 'raccoon' 'racket' 'radiator'\n",
      " 'radish' 'raft' 'railing' 'raspberry' 'rat' 'rattle' 'razor' 'ready_meal'\n",
      " 'record' 'refrigerator' 'retainer' 'revolver' 'rhinoceros' 'rhubarb'\n",
      " 'ribbon' 'rice' 'rifle' 'ring' 'road_sign' 'robot' 'rocking_chair' 'roll'\n",
      " 'rollerblade' 'roof_rack' 'rug' 'ruler' 'saddle' 'saltshaker' 'sandpaper'\n",
      " 'satellite_dish' 'scaffolding' 'scallion' 'scanner' 'scarecrow'\n",
      " 'scissors' 'scone' 'scoreboard' 'scorpion' 'screwdriver' 'sea_urchin'\n",
      " 'seagull' 'seesaw' 'sewing_kit' 'shaving_cream' 'sheep' 'shell2' 'shield'\n",
      " 'ship' 'shirt' 'shoe' 'shovel' 'shower' 'shower_cap' 'shredder' 'shrimp'\n",
      " 'sickle' 'silverware' 'sim_card' 'sink' 'ski_pole' 'skunk' 'sleeping_bag'\n",
      " 'slingshot' 'sloth' 'smoke_alarm' 'snail' 'snake' 'snorkel' 'snowboard'\n",
      " 'snowplow' 'sock' 'soda_fountain' 'solar_panel' 'sombrero' 'sonogram'\n",
      " 'soy_sauce' 'space_shuttle' 'spareribs' 'spatula' 'speaker' 'spider'\n",
      " 'spinach' 'spoon' 'spout' 'sprinkler' 'squeegee' 'squirrel' 'stair'\n",
      " 'stalagmite' 'stamp2' 'stapler' 'starfish' 'steak' 'steamroller'\n",
      " 'stethoscope' 'stiletto' 'stopwatch' 'stove1' 'strainer' 'strawberry'\n",
      " 'streetlight' 'submarine' 'subway' 'suit' 'sundae' 'sundial' 'sunroof'\n",
      " 'sushi' 'suspenders' 'sweatsuit' 'sword' 'syringe' 'syrup' 't-shirt'\n",
      " 'tab' 'table' 'tablecloth' 'taco' 'tadpole' 'tag' 'taillight' 'tamale'\n",
      " 'tarp' 'tattoo' 'teapot' 'telescope' 'television' 'tent' 'thermometer'\n",
      " 'thermos' 'thermostat' 'thimble' 'thumbtack' 'tiara' 'tie' 'tiger'\n",
      " 'tiramisu' 'toast' 'toaster' 'toilet' 'toilet_paper' 'tomato' 'tongs'\n",
      " 'tongue' 'toolbox' 'toothpick' 'tortilla' 'toucan' 'touchpad' 'towel'\n",
      " 'towel_rack' 'tractor' 'train' 'trap' 'trashcan' 'tray' 'treadmill'\n",
      " 'tree' 'tree_trunk' 'trowel' 'truck' 'trumpet' 'tumbleweed' 'turtle'\n",
      " 'tuxedo' 'tweezers' 'typewriter' 'ukulele' 'umbrella' 'undershirt'\n",
      " 'uniform' 'urinal' 'valve' 'vase' 'velcro' 'videocassette' 'viewfinder'\n",
      " 'violin' 'waffle_iron' 'walker1' 'wall' 'wallet' 'wallpaper' 'walnut'\n",
      " 'walrus' 'wand' 'warthog' 'washboard' 'wasp' 'watch' 'water_fountain'\n",
      " 'weasel' 'whale' 'wheat' 'wheelbarrow' 'wheelchair' 'whip' 'whisk' 'wig'\n",
      " 'windowsill' 'wine' 'wire' 'wire_cutters' 'wolf' 'woman' 'wooden_leg'\n",
      " 'worm' 'wrapping_paper' 'wrench' 'yo-yo' 'zebra' 'zucchini']\n"
     ]
    }
   ],
   "source": [
    "# Loading the concept index for the fMRI RDM\n",
    "\n",
    "concept_index = np.load('/home/wallacelab/teba/multimodal_brain_inspired/marren/temporal_dynamics_of_human_alignment/sub-01_LOC_concept_index.npy')\n",
    "\n",
    "print(concept_index)"
   ]
  },
  {
   "cell_type": "markdown",
   "id": "2f4db754",
   "metadata": {},
   "source": [
    "Calculate the average concept RDM for each ROI across subjects."
   ]
  },
  {
   "cell_type": "code",
   "execution_count": 28,
   "id": "3cf1319f",
   "metadata": {},
   "outputs": [
    {
     "name": "stdout",
     "output_type": "stream",
     "text": [
      "Available ROIs: ['lLOC', 'rLOC', 'va-1', 'va-2', 'va-3']\n",
      "\n",
      "Processing ROI: lLOC\n",
      "Found 3 RDMs for lLOC\n",
      "Stacked array shape: (3, 258840)\n",
      "Average vector shape: (258840,)\n",
      "First 5 values for lLOC: [0.63888889 0.55555556 0.625      0.61111111 0.54166667]\n",
      "\n",
      "Processing ROI: rLOC\n",
      "Found 3 RDMs for rLOC\n",
      "Stacked array shape: (3, 258840)\n",
      "Average vector shape: (258840,)\n",
      "First 5 values for rLOC: [0.68055556 0.51388889 0.69444444 0.56944444 0.54166667]\n",
      "\n",
      "Processing ROI: va-1\n",
      "Found 3 RDMs for va-1\n",
      "Stacked array shape: (3, 258840)\n",
      "Average vector shape: (258840,)\n",
      "First 5 values for va-1: [0.625      0.54166667 0.66666667 0.52777778 0.48611111]\n",
      "\n",
      "Processing ROI: va-2\n",
      "Found 3 RDMs for va-2\n",
      "Stacked array shape: (3, 258840)\n",
      "Average vector shape: (258840,)\n",
      "First 5 values for va-2: [0.61111111 0.54166667 0.625      0.43055556 0.43055556]\n",
      "\n",
      "Processing ROI: va-3\n",
      "Found 3 RDMs for va-3\n",
      "Stacked array shape: (3, 258840)\n",
      "Average vector shape: (258840,)\n",
      "First 5 values for va-3: [0.59722222 0.52777778 0.66666667 0.5        0.52777778]\n",
      "\n",
      "Created averaged upper triangle vectors for 5 ROIs:\n",
      "  lLOC: shape (258840,)\n",
      "  rLOC: shape (258840,)\n",
      "  va-1: shape (258840,)\n",
      "  va-2: shape (258840,)\n",
      "  va-3: shape (258840,)\n"
     ]
    }
   ],
   "source": [
    "# Create averaged upper triangle vectors for all ROIs\n",
    "# First, identify all unique ROIs from the fmri_rdms dictionary\n",
    "rois = set()\n",
    "for key in fmri_rdms.keys():\n",
    "    roi = key.split('_')[1]  # Extract ROI from key like '01_lLOC' -> 'lLOC'\n",
    "    rois.add(roi)\n",
    "\n",
    "print(\"Available ROIs:\", sorted(rois))\n",
    "\n",
    "# Create a dictionary to store averaged upper triangle vectors for each ROI\n",
    "roi_average_upper_triangles = {}\n",
    "\n",
    "# Get upper triangular indices (same for all RDMs since they're all 720x720)\n",
    "upper_tri_indices = np.triu_indices_from(fmri_rdms[list(fmri_rdms.keys())[0]], k=1)\n",
    "\n",
    "for roi in sorted(rois):\n",
    "    print(f\"\\nProcessing ROI: {roi}\")\n",
    "    \n",
    "    # Filter RDMs for this specific ROI\n",
    "    roi_rdms = {k: v for k, v in fmri_rdms.items() if roi in k}\n",
    "    print(f\"Found {len(roi_rdms)} RDMs for {roi}\")\n",
    "    \n",
    "    # Extract upper triangular elements for each RDM\n",
    "    roi_rdms_upper = {}\n",
    "    for key in roi_rdms:\n",
    "        roi_rdms_upper[key] = roi_rdms[key][upper_tri_indices]\n",
    "    \n",
    "    # Stack the vectors into a single array\n",
    "    roi_rdms_upper_array = np.stack(list(roi_rdms_upper.values()))\n",
    "    print(f\"Stacked array shape: {roi_rdms_upper_array.shape}\")\n",
    "    \n",
    "    # Calculate the average across subjects\n",
    "    # axis=0 means we are taking the mean down the rows (i.e., column-wise), so for each position in the upper triangle vector, we average across all subjects' RDMs\n",
    "    roi_average_upper_triangle = np.mean(roi_rdms_upper_array, axis=0)\n",
    "    print(f\"Average vector shape: {roi_average_upper_triangle.shape}\")\n",
    "    \n",
    "    # Store in the dictionary\n",
    "    roi_average_upper_triangles[roi] = roi_average_upper_triangle\n",
    "    \n",
    "    # Print first 5 values as a sanity check\n",
    "    print(f\"First 5 values for {roi}: {roi_average_upper_triangle[:5]}\")\n",
    "\n",
    "print(f\"\\nCreated averaged upper triangle vectors for {len(roi_average_upper_triangles)} ROIs:\")\n",
    "for roi in roi_average_upper_triangles:\n",
    "    print(f\"  {roi}: shape {roi_average_upper_triangles[roi].shape}\")"
   ]
  },
  {
   "cell_type": "markdown",
   "id": "b7d68746",
   "metadata": {},
   "source": [
    "Average the fMRI activity between left and right LOC."
   ]
  },
  {
   "cell_type": "code",
   "execution_count": 29,
   "id": "08613294",
   "metadata": {},
   "outputs": [
    {
     "name": "stdout",
     "output_type": "stream",
     "text": [
      "(258840,)\n",
      "(258840,)\n",
      "dict_keys(['lLOC', 'rLOC', 'va-1', 'va-2', 'va-3', 'LOC'])\n",
      "Removed lLOC: True, Removed rLOC: True\n",
      "dict_keys(['va-1', 'va-2', 'va-3', 'LOC'])\n"
     ]
    }
   ],
   "source": [
    "roi_average_upper_triangles['LOC'] = np.mean(\n",
    "    np.stack([roi_average_upper_triangles['lLOC'], roi_average_upper_triangles['rLOC']]), axis=0\n",
    ")\n",
    "\n",
    "print(roi_average_upper_triangles['LOC'].shape)\n",
    "\n",
    "print(roi_average_upper_triangles['rLOC'].shape)\n",
    "\n",
    "print(roi_average_upper_triangles.keys())\n",
    "\n",
    "# remove the lLOC and rLOC keys, if they exist\n",
    "removed_lLOC = roi_average_upper_triangles.pop('lLOC', None)\n",
    "removed_rLOC = roi_average_upper_triangles.pop('rLOC', None)\n",
    "print(f\"Removed lLOC: {removed_lLOC is not None}, Removed rLOC: {removed_rLOC is not None}\")\n",
    "\n",
    "print(roi_average_upper_triangles.keys())"
   ]
  },
  {
   "cell_type": "markdown",
   "id": "65fa3188",
   "metadata": {},
   "source": [
    "## Process CLIP-HBA Embedding Data"
   ]
  },
  {
   "cell_type": "markdown",
   "id": "f6c55ad0",
   "metadata": {},
   "source": [
    "### Baseline Seed 1"
   ]
  },
  {
   "cell_type": "markdown",
   "id": "b9da95fb",
   "metadata": {},
   "source": [
    "Load the CLIP-HBA-behavior last-layer embeddings from the 720 images that make up the 720 concepts (1 images per concept). "
   ]
  },
  {
   "cell_type": "code",
   "execution_count": 39,
   "id": "22984d33",
   "metadata": {},
   "outputs": [
    {
     "name": "stdout",
     "output_type": "stream",
     "text": [
